12 5 0 11 11 17 4 14 17 6 9 10 6 9 18 9 13 14 9 9
14 17 18 6 9 13 5 14 17 0 17 17 17 13 9 13 14 9 0 11
12 5 11 11 5 11 11 11 0 12 0 4 12 0 12 0 18 11 0 18
18 17 18 18 14 10 13 9 14 17 0 6 9 17 5 14 0 7 11 1
18 17 4 1 5 11 11 17 0 12 0 19 11 17 4 18 18 18 17 17
12 5 11 1 0 17 9 6 14 9 6 9 6 11 18 18 18 18 18 9
1 5 14 19 11 10 5 11 11 16 13 14 9 14 0 15 12 5 11 11
18 3 6 14 9 13 5 5 5 11 0 5 16 11 0 14 0 5 16 6
11 12 0 17 17 4 9 17 13 14 9 9 5 4 12 4 0 12 0 5
14 0 5 16 17 9 9 4 9 14 17 0 4 6 6 17 18 13 14 9
17 4 14 17 10 6 13 9 13 14 5 11 17 4 7 0 18 7 14 6
18 8 17 4 1 10 16 4 17 9 4 1 7 18 18 18 18 18 17 6
12 5 11 11 11 0 12 0 5 12 0 4 12 0 11 0 4 11 11 16
14 6 14 0 6 17 4 18 13 5 14 9 14 16 9 4 11 9 11 0
12 5 5 11 11 11 11 17 11 0 12 0 12 12 0 4 5 5 16 14
17 6 9 13 14 14 16 4 6 1 9 0 17 13 5 14 17 0 17 17
17 9 6 5 14 17 8 9 17 18 12 0 15 8 17 13 9 9 14 14
14 17 7 4 17 4 17 4 1 10 0 18 17 13 14 16 9 4 1 4
18 17 17 9 9 14 9 2 16 8 9 17 13 4 14 0 6 17 17 9
18 8 17 10 13 6 14 17 14 0 6 9 13 14 4 14 0 14 17 0
1 9 5 5 11 11 11 17 4 12 0 5 0 12 0 5 5 11 11 11
15 2 5 5 5 11 11 11 11 0 11 0 12 0 11 17 0 17 17 17
12 11 17 2 9 6 6 6 14 10 14 4 6 9 6 17 7 18 6 13
18 6 6 17 14 9 8 6 9 4 18 18 17 9 18 18 18 18 18 4
14 17 5 6 4 1 5 1 16 13 14 9 13 13 14 13 1 9 0 12
11 0 12 0 12 0 15 12 12 0 5 16 14 6 9 13 5 5 5 7
11 9 12 0 0 12 0 11 17 4 11 17 14 3 2 0 6 1 5 11
18 8 8 9 8 9 9 9 7 9 18 18 18 18 18 18 8 18 4 14
18 18 18 17 9 12 0 9 17 9 9 9 9 9 18 18 18 4 1 14
18 15 17 13 6 14 9 5 5 5 11 0 12 0 5 11 15 12 0 11
12 0 5 11 9 12 0 5 11 11 0 12 11 17 0 12 0 7 9 12
14 17 6 9 6 14 9 6 4 8 1 0 18 18 18 18 18 18 18 18
17 6 9 13 14 9 14 0 17 16 9 4 1 10 9 10 10 4 1 9
18 18 15 12 5 5 11 1 0 17 17 9 6 13 17 17 4 9 4 1
18 18 18 6 17 4 13 13 14 7 12 0 5 11 11 11 17 0 12 11
11 9 12 0 5 11 11 11 17 7 9 12 0 5 16 6 9 18 14 18
14 5 11 11 11 4 12 0 12 0 17 18 6 18 14 9 14 9 4 14
14 1 0 6 6 9 13 4 14 16 11 7 4 17 7 7 9 13 14 9
18 17 9 13 5 14 5 5 11 11 17 12 0 11 0 12 0 11 1 0
11 17 9 4 18 18 18 17 13 17 13 14 17 4 6 9 13 14 4 16
17 13 13 10 14 17 5 11 0 12 0 17 4 18 18 15 18 18 17 4
12 5 11 11 11 11 0 12 0 0 12 0 17 17 6 9 9 9 9 18
18 8 9 14 7 0 17 9 18 18 18 18 18 8 4 1 4 6 17 4
18 18 17 9 5 11 12 0 17 17 17 9 9 9 4 4 14 6 14 0
14 17 0 6 4 11 11 0 9 12 0 4 12 0 5 11 11 17 17 0
12 5 11 11 11 17 12 0 12 0 15 18 18 18 4 17 18 13 5 11
11 1 0 15 5 11 11 11 17 0 4 1 0 4 11 11 15 11 18 11
5 11 11 11 11 1 0 4 18 18 18 15 17 9 12 5 12 0 5 11
4 16 14 17 9 10 13 4 14 8 7 11 7 16 18 18 18 18 17 17
18 18 6 9 13 14 9 13 14 16 18 6 6 9 17 4 6 9 4 3
4 14 6 13 14 0 6 11 0 1 0 5 12 9 10 14 14 0 6 13
17 17 9 6 6 9 4 1 14 16 18 15 18 15 17 4 1 14 16 0
14 5 19 11 9 9 12 0 4 12 0 5 11 17 17 9 17 9 13 14
14 16 9 6 9 5 16 17 17 4 1 10 16 18 18 18 17 17 4 10
18 6 9 13 14 9 13 17 4 17 0 17 17 0 17 4 17 17 5 17
14 9 10 6 9 5 9 4 11 17 0 18 18 18 13 6 5 5 5 5
4 18 15 11 19 11 17 12 0 5 0 18 11 12 0 12 0 12 0 18
4 9 6 13 13 11 0 12 0 5 12 9 2 5 5 11 11 11 11 15
14 14 0 17 17 9 13 6 1 16 9 18 10 6 13 13 9 14 17 9
17 5 17 13 9 10 14 16 14 17 17 16 9 4 4 11 1 15 5 0
11 10 5 11 11 17 4 6 17 13 9 1 13 0 0 11 9 4 17 17
18 17 17 17 13 13 9 14 16 9 17 9 9 9 6 9 4 1 18 18
17 17 10 17 9 13 14 9 14 0 6 9 5 5 15 14 9 0 14 12
14 17 5 6 14 9 9 13 10 14 17 17 0 17 5 17 17 9 6 9
11 17 17 9 10 18 4 18 16 9 13 18 13 13 14 4 14 16 6 9
4 11 11 0 12 0 4 13 11 11 15 4 11 13 12 0 5 11 0 12
14 13 14 0 6 17 17 9 6 13 14 8 9 18 14 5 14 9 4 1
11 15 17 9 13 9 9 14 16 18 18 18 18 18 18 18 17 14 9 2
17 6 18 14 9 6 14 4 18 14 4 1 14 8 17 13 14 0 18 17
14 17 0 6 6 6 6 14 9 10 13 9 14 16 13 14 0 6 6 14
11 17 17 4 1 5 13 14 14 0 16 1 6 9 5 11 9 12 0 4
17 5 13 9 5 17 17 4 17 0 18 17 13 13 9 14 16 9 13 14
12 5 11 11 11 11 7 11 9 1 0 18 12 0 11 7 11 17 15 13
17 9 5 11 9 17 18 18 18 18 6 6 5 14 17 10 4 1 0 6
12 9 5 11 11 0 12 0 11 0 12 0 18 17 18 18 18 18 18 18
11 0 12 0 11 17 0 6 14 9 5 16 14 9 5 5 11 11 11 11
17 17 9 9 17 9 14 9 4 4 16 14 4 6 9 13 14 14 13 14
12 5 11 11 11 0 12 0 12 0 11 11 0 4 12 5 14 0 15 18
18 8 9 17 18 6 10 18 17 18 4 18 14 4 13 14 6 1 10 10
18 17 14 9 13 6 9 6 12 4 4 9 8 18 14 13 9 13 14 17
11 0 12 0 17 17 9 9 4 9 9 9 4 8 9 18 18 18 17 18
18 6 9 6 14 9 9 9 4 14 16 14 17 8 9 1 1 13 11 4
12 0 5 5 11 11 11 11 11 0 12 0 11 11 11 11 17 12 0 11
14 14 0 6 17 17 9 10 1 9 9 7 4 1 14 17 19 7 17 4
17 13 13 14 17 17 17 0 6 17 9 14 9 13 14 13 6 9 5 16
17 6 9 14 10 6 14 4 9 13 14 9 13 14 5 16 11 11 0 11
18 6 9 5 12 17 18 17 10 17 18 6 14 4 18 6 9 13 14 9
16 6 9 13 14 16 14 10 9 13 14 6 9 13 14 9 16 6 4 18
12 5 11 11 4 12 0 18 18 6 4 17 4 18 14 0 5 5 17 0
14 17 0 17 9 6 14 9 13 14 9 9 16 1 4 16 14 17 5 6
18 15 9 6 9 13 9 5 5 5 5 0 5 5 5 5 11 11 11 17
18 17 9 5 14 14 17 0 17 4 17 13 5 14 9 2 9 0 11 1
18 18 6 9 13 14 8 9 9 5 17 12 0 18 18 18 17 10 11 9
12 5 16 6 9 5 5 5 0 5 5 17 9 4 16 1 7 11 17 4
12 0 5 11 11 0 12 0 12 0 18 18 18 18 8 9 6 9 5 14
12 0 5 11 11 17 4 0 12 0 11 11 1 11 17 0 11 0 12 0
14 13 13 9 14 0 14 16 14 17 17 13 9 9 10 14 6 9 13 5
15 4 8 9 5 12 5 11 0 12 0 17 0 17 7 17 9 9 13 9
12 5 5 14 0 12 0 5 11 9 1 0 4 18 11 17 15 13 9 13
11 0 11 17 4 17 6 9 10 14 9 6 18 6 14 17 5 14 0 18
11 0 12 0 11 0 12 0 0 12 11 0 11 17 4 9 6 9 6 17
12 5 11 11 11 11 17 9 5 12 17 13 16 18 18 6 18 14 9 6
18 17 8 9 13 4 16 14 16 1 0 6 9 9 6 18 14 10 13 14
12 5 0 16 18 18 5 5 5 5 5 5 0 5 5 11 11 0 11 4
8 18 14 9 14 6 4 13 10 9 6 14 9 9 6 9 14 17 7 9
18 6 4 14 9 1 4 3 14 5 3 5 5 11 11 11 11 11 0 12
12 17 9 9 13 14 16 9 4 1 9 9 4 9 8 9 18 18 18 18
18 18 6 17 9 18 13 14 17 13 9 4 6 14 17 0 6 6 13 13
17 6 9 17 14 13 4 4 16 4 8 9 14 9 6 14 12 0 17 7
15 5 14 17 6 9 14 9 4 14 16 14 5 14 0 17 4 1 7 11
17 17 9 14 10 9 6 13 14 8 9 16 14 17 10 6 6 9 5 16
18 17 6 6 14 9 13 14 17 10 9 6 9 14 6 9 13 14 4 14
18 6 9 13 14 6 17 16 17 4 6 9 14 17 18 18 18 13 4 14
12 5 11 11 9 7 18 16 6 9 5 5 11 17 0 17 4 14 17 0
17 4 1 5 11 11 11 0 14 0 13 14 6 9 10 14 10 8 9 4
18 6 9 13 14 9 19 17 4 17 9 13 6 14 4 9 12 0 17 4
17 6 5 9 5 11 11 0 12 0 12 0 11 5 11 9 12 0 18 4
18 6 6 17 6 9 14 6 14 13 14 17 0 6 9 6 4 14 6 17
14 13 10 14 9 13 14 9 0 14 17 0 6 6 17 13 14 8 9 18
13 11 0 12 0 5 11 11 17 7 17 9 9 14 9 13 9 9 14 6
14 9 5 11 11 0 12 0 17 17 9 9 12 9 6 9 18 18 6 6
12 17 8 9 9 13 14 3 5 11 0 18 18 18 17 4 1 5 5 11
11 17 4 10 14 6 9 14 9 4 17 7 6 17 4 17 6 4 13 13
12 5 11 15 11 11 17 4 18 14 13 13 5 11 17 4 16 1 2 9
18 18 18 18 13 6 13 11 11 0 12 11 17 0 12 17 0 18 18 13
12 5 14 6 0 5 5 11 11 17 17 13 14 13 9 13 14 17 0 14
17 13 9 14 16 14 8 9 10 6 9 14 9 17 4 18 3 4 14 9
18 18 18 17 4 1 9 10 4 4 11 11 17 17 17 14 10 4 9 6
