14 17 5 0 18 18 17 9 17 18 18 18 5 6 14 17 14 0 14 9
11 0 17 17 18 6 4 5 11 11 11 11 17 9 5 12 8 10 11 17
18 16 6 14 9 10 6 1 14 7 14 9 5 11 11 0 11 11 11 9
18 6 17 9 12 5 6 17 9 5 11 12 11 11 0 12 0 11 0 5
18 6 9 2 9 9 14 16 12 0 15 16 11 2 5 5 16 11 12 0
18 17 9 12 5 11 0 18 18 5 5 11 11 0 4 0 11 9 11 11
18 15 11 11 11 10 10 1 0 10 1 0 18 17 6 9 6 9 14 8
17 17 9 14 17 13 14 0 14 10 6 16 9 10 13 11 4 10 10 11
18 14 6 9 13 13 14 17 17 17 17 10 17 9 10 14 9 10 6 1
15 11 11 11 1 0 18 18 18 18 12 12 0 9 17 9 4 6 13 11
18 17 4 17 9 11 12 0 17 11 4 11 9 11 4 5 1 16 3 1
18 18 18 17 12 0 6 6 5 14 17 9 13 0 11 13 14 0 18 11
17 4 1 5 0 11 9 0 11 11 17 18 11 11 11 15 5 5 11 11
14 13 14 17 9 1 10 11 0 12 0 5 15 1 0 9 9 12 0 18
17 4 4 13 10 1 10 11 17 6 9 17 18 5 6 9 5 14 0 16
18 17 17 9 12 0 4 10 12 0 5 12 9 12 5 3 11 11 11 0
18 18 15 11 11 15 11 18 18 18 11 4 11 5 14 9 12 0 17 9
18 17 17 9 5 9 12 0 17 9 2 9 10 6 8 9 12 9 12 0
18 17 4 11 1 2 0 5 3 5 5 11 11 6 1 8 9 14 18 17
15 11 11 11 12 0 9 11 11 11 11 17 17 17 9 5 14 0 12 10
18 6 18 11 17 4 14 9 13 14 0 16 10 14 14 14 9 18 7 11
17 9 13 9 6 9 9 12 4 10 6 14 10 10 11 11 16 6 14 13
17 18 15 6 9 1 5 11 6 4 11 0 12 0 14 0 5 5 11 11
18 13 6 17 18 6 9 5 0 3 8 9 12 0 6 9 17 9 5 6
11 0 12 0 7 12 9 5 6 9 12 0 4 11 0 12 5 5 14 17
17 10 6 9 5 5 11 11 6 5 0 1 5 11 11 4 16 13 11 9
11 0 12 0 5 0 11 11 11 17 18 18 18 18 18 18 18 18 18 18
17 5 6 9 14 16 6 12 0 14 16 14 4 6 1 10 9 18 5 11
12 5 0 14 5 5 11 11 11 11 1 6 9 6 11 7 11 18 18 12
18 15 11 11 14 14 11 10 14 8 2 2 2 13 8 11 1 5 14 17
14 17 0 13 13 5 11 11 0 11 0 11 11 11 11 11 11 11 11 17
18 18 11 17 12 0 18 15 11 11 1 0 17 9 6 9 9 5 11 0
17 4 1 10 5 11 11 10 0 17 9 13 14 0 18 11 2 0 17 0
18 6 9 14 16 9 13 16 4 6 9 5 11 11 11 11 17 5 0 18
18 17 11 17 17 4 18 11 11 4 11 0 11 0 11 17 9 13 9 6
16 6 17 18 6 9 14 10 6 9 10 9 18 18 18 18 18 18 16 9
18 17 4 17 9 10 6 1 14 17 0 17 9 17 17 4 17 17 17 9
4 3 6 8 9 10 4 13 9 12 0 1 5 11 5 6 9 17 0 6
18 6 18 11 11 11 11 17 4 14 16 10 6 17 9 4 10 1 0 15
17 4 1 10 3 14 17 0 17 17 9 5 6 12 17 0 5 14 0 16
14 17 0 6 17 11 7 14 9 13 9 9 12 12 0 9 5 16 4 1
18 6 17 9 13 13 14 0 6 9 14 17 16 0 16 6 9 5 16 17
18 6 6 6 17 9 5 11 11 4 4 17 11 15 11 13 14 4 14 0
17 17 9 5 11 11 4 12 5 16 11 11 18 15 11 4 18 11 10 14
18 8 18 14 9 5 11 11 0 11 11 5 11 11 0 11 17 18 18 18
18 17 6 14 17 17 17 9 2 17 0 6 17 11 9 18 18 14 17 4
14 16 6 13 13 9 14 17 13 5 5 11 11 0 14 11 0 12 5 0
18 17 9 5 11 17 18 18 18 17 4 17 9 12 0 18 11 17 14 1
14 17 5 12 0 4 16 11 11 11 11 11 11 17 9 2 12 6 3 11
18 6 17 9 14 17 18 13 9 11 5 11 0 12 0 11 5 11 6 8
12 11 11 1 0 15 18 18 18 18 18 18 18 18 18 18 18 18 18 8
18 18 17 6 9 5 5 5 11 0 17 17 17 9 14 17 16 6 6 6
18 18 18 15 6 9 12 5 11 11 0 12 0 14 0 4 12 0 5 0
11 0 4 0 12 0 5 12 9 1 0 12 0 15 17 17 17 9 5 11
4 11 0 11 11 11 1 0 4 11 11 11 5 11 11 1 5 5 0 12
11 9 7 0 11 0 11 4 18 18 18 18 18 18 18 18 18 18 6 9
12 5 11 1 13 16 13 4 13 5 11 11 17 4 14 17 9 13 13 14
11 0 12 0 11 11 11 6 18 11 4 14 0 0 5 11 0 12 0 5
17 18 17 9 17 18 18 9 10 14 17 17 9 5 6 9 5 11 4 0
18 17 10 9 10 14 6 17 14 5 6 9 14 13 14 17 0 17 4 14
14 4 18 14 17 9 17 17 9 5 5 12 17 17 11 9 18 11 0 12
18 18 12 0 11 11 11 2 15 11 18 11 9 6 11 18 11 17 9 5
17 14 7 1 17 17 17 17 14 0 17 17 9 17 18 7 11 10 4 17
17 4 9 17 4 14 9 6 17 5 5 14 0 8 18 18 18 18 18 18
18 17 17 10 5 11 0 11 11 12 16 6 9 17 18 6 11 9 12 0
18 6 11 17 14 10 13 14 17 14 17 17 4 17 17 9 10 6 9 10
4 3 11 8 9 14 12 0 17 17 11 17 17 9 14 13 12 9 9 8
14 16 18 8 9 9 12 4 6 18 18 5 11 6 17 9 14 10 9 4
17 14 7 18 11 17 12 9 9 12 0 6 17 9 17 9 14 8 9 17
17 17 17 9 10 17 10 9 1 1 10 1 10 5 11 4 0 12 11 0
18 10 6 18 13 5 9 0 17 18 17 18 14 11 11 11 8 18 11 11
18 18 18 15 1 5 5 3 11 11 0 5 0 15 16 6 9 13 11 0
17 9 13 9 9 12 9 5 14 0 16 6 9 16 6 17 13 5 5 11
11 16 6 1 5 11 11 18 4 18 11 17 4 18 11 11 11 4 18 18
17 17 10 14 9 17 18 18 7 9 12 5 11 11 11 11 11 17 9 7
12 5 11 11 0 0 8 16 14 6 9 5 5 5 11 9 1 0 9 8
11 17 17 9 10 5 5 11 0 0 11 0 17 12 0 6 7 11 17 6
18 14 9 5 11 11 0 4 10 12 0 18 6 9 14 1 6 4 3 11
17 7 11 17 17 9 9 14 17 9 10 6 1 14 17 17 17 9 13 5
17 11 9 18 12 0 11 11 11 1 0 11 12 9 17 9 13 11 0 11
18 16 8 17 10 6 9 13 17 1 14 1 13 14 17 0 14 17 0 6
18 6 9 14 13 14 14 9 4 10 8 9 10 14 9 5 16 10 9 14
18 6 13 6 17 9 10 14 6 9 17 0 17 17 18 5 14 11 9 18
18 18 17 10 17 4 6 4 14 9 13 11 11 11 0 11 11 5 11 0
18 6 17 17 9 18 14 14 12 5 0 14 13 16 14 0 13 5 16 3
18 8 17 10 17 9 10 14 9 4 6 17 18 6 17 9 10 18 4 9
18 8 17 9 12 18 6 14 17 17 9 5 11 4 4 14 0 14 0 5
18 17 17 9 18 18 9 14 9 6 13 14 17 13 13 14 0 14 0 14
17 14 9 8 9 12 0 15 18 10 17 1 14 6 17 9 5 9 0 10
18 17 6 9 14 8 12 6 8 5 13 13 6 14 12 0 15 5 13 16
17 17 9 14 17 7 14 14 13 14 14 0 5 11 13 11 11 6 5 11
11 0 12 0 5 11 11 9 6 6 18 18 18 18 5 12 8 4 1 0
17 17 9 13 14 8 9 1 0 18 11 11 17 7 11 11 17 17 4 18
18 17 11 17 9 18 18 18 18 18 18 18 18 18 18 18 18 14 9 17
18 6 17 17 9 14 10 16 16 14 6 6 13 9 17 9 6 14 17 4
17 6 9 14 10 18 6 9 13 12 4 0 6 11 9 5 4 14 12 0
17 9 5 11 0 11 0 4 11 11 1 5 0 13 13 6 18 6 9 5
18 17 14 14 10 13 9 14 6 9 5 14 17 17 11 11 9 11 9 12
17 4 17 9 9 10 6 9 1 18 18 18 18 18 18 18 18 6 17 4
18 18 17 13 13 13 5 5 0 15 15 17 9 9 18 18 18 18 18 18
12 11 6 5 12 1 5 11 15 12 0 6 17 0 6 5 14 16 6 9
14 5 3 5 8 1 6 5 11 11 5 11 11 11 9 10 14 0 16 14
18 17 14 13 14 0 5 5 0 5 5 11 11 9 14 0 17 7 17 9
18 17 4 18 14 17 7 9 17 9 18 18 18 18 18 18 18 18 18 18
11 1 6 17 5 6 9 5 11 10 12 9 10 6 10 6 14 8 3 11
18 17 11 17 14 12 0 6 17 4 17 11 13 11 0 0 11 16 9 13
12 11 11 1 0 15 18 18 18 18 18 6 18 11 11 18 11 11 11 11
14 14 13 10 10 9 10 12 0 11 6 17 9 14 12 0 5 12 0 18
14 18 14 17 0 14 0 7 7 9 13 14 0 11 11 11 11 1 5 0
14 16 14 17 6 17 9 5 6 14 9 17 17 2 9 9 10 10 18 18
18 12 17 9 13 12 0 4 12 0 11 5 5 11 11 11 11 17 4 11
18 14 13 14 9 9 12 0 4 12 0 11 16 18 9 13 13 11 9 6
12 8 1 13 1 5 11 11 9 11 0 12 0 5 5 11 11 11 9 18
18 8 9 6 18 18 18 17 18 18 18 18 18 18 18 18 18 15 18 11
18 18 5 9 13 11 9 14 0 14 0 5 0 11 5 16 14 5 11 11
17 6 9 13 14 17 13 14 0 16 4 17 9 5 11 12 0 11 11 0
17 17 9 10 18 14 10 14 12 10 13 14 0 14 17 0 18 18 6 9
11 1 7 9 5 11 11 0 12 0 11 1 0 15 5 9 0 12 0 11
11 11 15 12 16 8 9 17 9 18 6 14 9 18 11 11 11 11 11 15
14 17 4 17 17 9 14 17 7 9 17 9 4 12 0 5 11 11 11 0
11 9 5 11 11 0 0 11 11 11 17 9 9 13 11 0 12 0 5 0
17 4 14 13 13 11 0 12 0 11 11 6 5 0 12 9 10 10 5 16
17 6 9 9 14 12 5 10 1 17 9 5 11 0 12 0 11 1 0 18
18 8 17 10 9 18 18 18 11 4 12 0 3 5 11 17 11 0 17 4
14 6 17 9 6 13 14 9 13 14 0 16 8 9 17 1 10 6 9 5
18 17 4 1 10 11 1 5 11 11 9 12 0 11 11 11 11 11 11 11
15 11 11 11 0 12 0 18 18 14 12 0 11 11 11 11 5 16 11 11
14 5 19 11 17 9 12 5 14 0 16 12 11 11 10 12 14 0 6 1
